100 100
5000 4901 4804 4709 4616 4525 4436 4349 4264 4181 4100 4021 3944 3869 3796 3725 3656 3589 3524 3461 3400 3341 3284 3229 3176 3125 3076 3029 2984 2941 2900 2861 2824 2789 2756 2725 2696 2669 2644 2621 2600 2581 2564 2549 2536 2525 2516 2509 2504 2501 2500 2501 2504 2509 2516 2525 2536 2549 2564 2581 2600 2621 2644 2669 2696 2725 2756 2789 2824 2861 2900 2941 2984 3029 3076 3125 3176 3229 3284 3341 3400 3461 3524 3589 3656 3725 3796 3869 3944 4021 4100 4181 4264 4349 4436 4525 4616 4709 4804 4901 
4901 4802 4705 4610 4517 4426 4337 4250 4165 4082 4001 3922 3845 3770 3697 3626 3557 3490 3425 3362 3301 3242 3185 3130 3077 3026 2977 2930 2885 2842 2801 2762 2725 2690 2657 2626 2597 2570 2545 2522 2501 2482 2465 2450 2437 2426 2417 2410 2405 2402 2401 2402 2405 2410 2417 2426 2437 2450 2465 2482 2501 2522 2545 2570 2597 2626 2657 2690 2725 2762 2801 2842 2885 2930 2977 3026 3077 3130 3185 3242 3301 3362 3425 3490 3557 3626 3697 3770 3845 3922 4001 4082 4165 4250 4337 4426 4517 4610 4705 4802 
4804 4705 4608 4513 4420 4329 4240 4153 4068 3985 3904 3825 3748 3673 3600 3529 3460 3393 3328 3265 3204 3145 3088 3033 2980 2929 2880 2833 2788 2745 2704 2665 2628 2593 2560 2529 2500 2473 2448 2425 2404 2385 2368 2353 2340 2329 2320 2313 2308 2305 2304 2305 2308 2313 2320 2329 2340 2353 2368 2385 2404 2425 2448 2473 2500 2529 2560 2593 2628 2665 2704 2745 2788 2833 2880 2929 2980 3033 3088 3145 3204 3265 3328 3393 3460 3529 3600 3673 3748 3825 3904 3985 4068 4153 4240 4329 4420 4513 4608 4705 
4709 4610 4513 4418 4325 4234 4145 4058 3973 3890 3809 3730 3653 3578 3505 3434 3365 3298 3233 3170 3109 3050 2993 2938 2885 2834 2785 2738 2693 2650 2609 2570 2533 2498 2465 2434 2405 2378 2353 2330 2309 2290 2273 2258 2245 2234 2225 2218 2213 2210 2209 2210 2213 2218 2225 2234 2245 2258 2273 2290 2309 2330 2353 2378 2405 2434 2465 2498 2533 2570 2609 2650 2693 2738 2785 2834 2885 2938 2993 3050 3109 3170 3233 3298 3365 3434 3505 3578 3653 3730 3809 3890 3973 4058 4145 4234 4325 4418 4513 4610 
4616 4517 4420 4325 4232 4141 4052 3965 3880 3797 3716 3637 3560 3485 3412 3341 3272 3205 3140 3077 3016 2957 2900 2845 2792 2741 2692 2645 2600 2557 2516 2477 2440 2405 2372 2341 2312 2285 2260 2237 2216 2197 2180 2165 2152 2141 2132 2125 2120 2117 2116 2117 2120 2125 2132 2141 2152 2165 2180 2197 2216 2237 2260 2285 2312 2341 2372 2405 2440 2477 2516 2557 2600 2645 2692 2741 2792 2845 2900 2957 3016 3077 3140 3205 3272 3341 3412 3485 3560 3637 3716 3797 3880 3965 4052 4141 4232 4325 4420 4517 
4525 4426 4329 4234 4141 4050 3961 3874 3789 3706 3625 3546 3469 3394 3321 3250 3181 3114 3049 2986 2925 2866 2809 2754 2701 2650 2601 2554 2509 2466 2425 2386 2349 2314 2281 2250 2221 2194 2169 2146 2125 2106 2089 2074 2061 2050 2041 2034 2029 2026 2025 2026 2029 2034 2041 2050 2061 2074 2089 2106 2125 2146 2169 2194 2221 2250 2281 2314 2349 2386 2425 2466 2509 2554 2601 2650 2701 2754 2809 2866 2925 2986 3049 3114 3181 3250 3321 3394 3469 3546 3625 3706 3789 3874 3961 4050 4141 4234 4329 4426 
4436 4337 4240 4145 4052 3961 3872 3785 3700 3617 3536 3457 3380 3305 3232 3161 3092 3025 2960 2897 2836 2777 2720 2665 2612 2561 2512 2465 2420 2377 2336 2297 2260 2225 2192 2161 2132 2105 2080 2057 2036 2017 2000 1985 1972 1961 1952 1945 1940 1937 1936 1937 1940 1945 1952 1961 1972 1985 2000 2017 2036 2057 2080 2105 2132 2161 2192 2225 2260 2297 2336 2377 2420 2465 2512 2561 2612 2665 2720 2777 2836 2897 2960 3025 3092 3161 3232 3305 3380 3457 3536 3617 3700 3785 3872 3961 4052 4145 4240 4337 
4349 4250 4153 4058 3965 3874 3785 3698 3613 3530 3449 3370 3293 3218 3145 3074 3005 2938 2873 2810 2749 2690 2633 2578 2525 2474 2425 2378 2333 2290 2249 2210 2173 2138 2105 2074 2045 2018 1993 1970 1949 1930 1913 1898 1885 1874 1865 1858 1853 1850 1849 1850 1853 1858 1865 1874 1885 1898 1913 1930 1949 1970 1993 2018 2045 2074 2105 2138 2173 2210 2249 2290 2333 2378 2425 2474 2525 2578 2633 2690 2749 2810 2873 2938 3005 3074 3145 3218 3293 3370 3449 3530 3613 3698 3785 3874 3965 4058 4153 4250 
4264 4165 4068 3973 3880 3789 3700 3613 3528 3445 3364 3285 3208 3133 3060 2989 2920 2853 2788 2725 2664 2605 2548 2493 2440 2389 2340 2293 2248 2205 2164 2125 2088 2053 2020 1989 1960 1933 1908 1885 1864 1845 1828 1813 1800 1789 1780 1773 1768 1765 1764 1765 1768 1773 1780 1789 1800 1813 1828 1845 1864 1885 1908 1933 1960 1989 2020 2053 2088 2125 2164 2205 2248 2293 2340 2389 2440 2493 2548 2605 2664 2725 2788 2853 2920 2989 3060 3133 3208 3285 3364 3445 3528 3613 3700 3789 3880 3973 4068 4165 
4181 4082 3985 3890 3797 3706 3617 3530 3445 3362 3281 3202 3125 3050 2977 2906 2837 2770 2705 2642 2581 2522 2465 2410 2357 2306 2257 2210 2165 2122 2081 2042 2005 1970 1937 1906 1877 1850 1825 1802 1781 1762 1745 1730 1717 1706 1697 1690 1685 1682 1681 1682 1685 1690 1697 1706 1717 1730 1745 1762 1781 1802 1825 1850 1877 1906 1937 1970 2005 2042 2081 2122 2165 2210 2257 2306 2357 2410 2465 2522 2581 2642 2705 2770 2837 2906 2977 3050 3125 3202 3281 3362 3445 3530 3617 3706 3797 3890 3985 4082 
4100 4001 3904 3809 3716 3625 3536 3449 3364 3281 3200 3121 3044 2969 2896 2825 2756 2689 2624 2561 2500 2441 2384 2329 2276 2225 2176 2129 2084 2041 2000 1961 1924 1889 1856 1825 1796 1769 1744 1721 1700 1681 1664 1649 1636 1625 1616 1609 1604 1601 1600 1601 1604 1609 1616 1625 1636 1649 1664 1681 1700 1721 1744 1769 1796 1825 1856 1889 1924 1961 2000 2041 2084 2129 2176 2225 2276 2329 2384 2441 2500 2561 2624 2689 2756 2825 2896 2969 3044 3121 3200 3281 3364 3449 3536 3625 3716 3809 3904 4001 
4021 3922 3825 3730 3637 3546 3457 3370 3285 3202 3121 3042 2965 2890 2817 2746 2677 2610 2545 2482 2421 2362 2305 2250 2197 2146 2097 2050 2005 1962 1921 1882 1845 1810 1777 1746 1717 1690 1665 1642 1621 1602 1585 1570 1557 1546 1537 1530 1525 1522 1521 1522 1525 1530 1537 1546 1557 1570 1585 1602 1621 1642 1665 1690 1717 1746 1777 1810 1845 1882 1921 1962 2005 2050 2097 2146 2197 2250 2305 2362 2421 2482 2545 2610 2677 2746 2817 2890 2965 3042 3121 3202 3285 3370 3457 3546 3637 3730 3825 3922 
3944 3845 3748 3653 3560 3469 3380 3293 3208 3125 3044 2965 2888 2813 2740 2669 2600 2533 2468 2405 2344 2285 2228 2173 2120 2069 2020 1973 1928 1885 1844 1805 1768 1733 1700 1669 1640 1613 1588 1565 1544 1525 1508 1493 1480 1469 1460 1453 1448 1445 1444 1445 1448 1453 1460 1469 1480 1493 1508 1525 1544 1565 1588 1613 1640 1669 1700 1733 1768 1805 1844 1885 1928 1973 2020 2069 2120 2173 2228 2285 2344 2405 2468 2533 2600 2669 2740 2813 2888 2965 3044 3125 3208 3293 3380 3469 3560 3653 3748 3845 
3869 3770 3673 3578 3485 3394 3305 3218 3133 3050 2969 2890 2813 2738 2665 2594 2525 2458 2393 2330 2269 2210 2153 2098 2045 1994 1945 1898 1853 1810 1769 1730 1693 1658 1625 1594 1565 1538 1513 1490 1469 1450 1433 1418 1405 1394 1385 1378 1373 1370 1369 1370 1373 1378 1385 1394 1405 1418 1433 1450 1469 1490 1513 1538 1565 1594 1625 1658 1693 1730 1769 1810 1853 1898 1945 1994 2045 2098 2153 2210 2269 2330 2393 2458 2525 2594 2665 2738 2813 2890 2969 3050 3133 3218 3305 3394 3485 3578 3673 3770 
3796 3697 3600 3505 3412 3321 3232 3145 3060 2977 2896 2817 2740 2665 2592 2521 2452 2385 2320 2257 2196 2137 2080 2025 1972 1921 1872 1825 1780 1737 1696 1657 1620 1585 1552 1521 1492 1465 1440 1417 1396 1377 1360 1345 1332 1321 1312 1305 1300 1297 1296 1297 1300 1305 1312 1321 1332 1345 1360 1377 1396 1417 1440 1465 1492 1521 1552 1585 1620 1657 1696 1737 1780 1825 1872 1921 1972 2025 2080 2137 2196 2257 2320 2385 2452 2521 2592 2665 2740 2817 2896 2977 3060 3145 3232 3321 3412 3505 3600 3697 
3725 3626 3529 3434 3341 3250 3161 3074 2989 2906 2825 2746 2669 2594 2521 2450 2381 2314 2249 2186 2125 2066 2009 1954 1901 1850 1801 1754 1709 1666 1625 1586 1549 1514 1481 1450 1421 1394 1369 1346 1325 1306 1289 1274 1261 1250 1241 1234 1229 1226 1225 1226 1229 1234 1241 1250 1261 1274 1289 1306 1325 1346 1369 1394 1421 1450 1481 1514 1549 1586 1625 1666 1709 1754 1801 1850 1901 1954 2009 2066 2125 2186 2249 2314 2381 2450 2521 2594 2669 2746 2825 2906 2989 3074 3161 3250 3341 3434 3529 3626 
3656 3557 3460 3365 3272 3181 3092 3005 2920 2837 2756 2677 2600 2525 2452 2381 2312 2245 2180 2117 2056 1997 1940 1885 1832 1781 1732 1685 1640 1597 1556 1517 1480 1445 1412 1381 1352 1325 1300 1277 1256 1237 1220 1205 1192 1181 1172 1165 1160 1157 1156 1157 1160 1165 1172 1181 1192 1205 1220 1237 1256 1277 1300 1325 1352 1381 1412 1445 1480 1517 1556 1597 1640 1685 1732 1781 1832 1885 1940 1997 2056 2117 2180 2245 2312 2381 2452 2525 2600 2677 2756 2837 2920 3005 3092 3181 3272 3365 3460 3557 
3589 3490 3393 3298 3205 3114 3025 2938 2853 2770 2689 2610 2533 2458 2385 2314 2245 2178 2113 2050 1989 1930 1873 1818 1765 1714 1665 1618 1573 1530 1489 1450 1413 1378 1345 1314 1285 1258 1233 1210 1189 1170 1153 1138 1125 1114 1105 1098 1093 1090 1089 1090 1093 1098 1105 1114 1125 1138 1153 1170 1189 1210 1233 1258 1285 1314 1345 1378 1413 1450 1489 1530 1573 1618 1665 1714 1765 1818 1873 1930 1989 2050 2113 2178 2245 2314 2385 2458 2533 2610 2689 2770 2853 2938 3025 3114 3205 3298 3393 3490 
3524 3425 3328 3233 3140 3049 2960 2873 2788 2705 2624 2545 2468 2393 2320 2249 2180 2113 2048 1985 1924 1865 1808 1753 1700 1649 1600 1553 1508 1465 1424 1385 1348 1313 1280 1249 1220 1193 1168 1145 1124 1105 1088 1073 1060 1049 1040 1033 1028 1025 1024 1025 1028 1033 1040 1049 1060 1073 1088 1105 1124 1145 1168 1193 1220 1249 1280 1313 1348 1385 1424 1465 1508 1553 1600 1649 1700 1753 1808 1865 1924 1985 2048 2113 2180 2249 2320 2393 2468 2545 2624 2705 2788 2873 2960 3049 3140 3233 3328 3425 
3461 3362 3265 3170 3077 2986 2897 2810 2725 2642 2561 2482 2405 2330 2257 2186 2117 2050 1985 1922 1861 1802 1745 1690 1637 1586 1537 1490 1445 1402 1361 1322 1285 1250 1217 1186 1157 1130 1105 1082 1061 1042 1025 1010 997 986 977 970 965 962 961 962 965 970 977 986 997 1010 1025 1042 1061 1082 1105 1130 1157 1186 1217 1250 1285 1322 1361 1402 1445 1490 1537 1586 1637 1690 1745 1802 1861 1922 1985 2050 2117 2186 2257 2330 2405 2482 2561 2642 2725 2810 2897 2986 3077 3170 3265 3362 
3400 3301 3204 3109 3016 2925 2836 2749 2664 2581 2500 2421 2344 2269 2196 2125 2056 1989 1924 1861 1800 1741 1684 1629 1576 1525 1476 1429 1384 1341 1300 1261 1224 1189 1156 1125 1096 1069 1044 1021 1000 981 964 949 936 925 916 909 904 901 900 901 904 909 916 925 936 949 964 981 1000 1021 1044 1069 1096 1125 1156 1189 1224 1261 1300 1341 1384 1429 1476 1525 1576 1629 1684 1741 1800 1861 1924 1989 2056 2125 2196 2269 2344 2421 2500 2581 2664 2749 2836 2925 3016 3109 3204 3301 
3341 3242 3145 3050 2957 2866 2777 2690 2605 2522 2441 2362 2285 2210 2137 2066 1997 1930 1865 1802 1741 1682 1625 1570 1517 1466 1417 1370 1325 1282 1241 1202 1165 1130 1097 1066 1037 1010 985 962 941 922 905 890 877 866 857 850 845 842 841 842 845 850 857 866 877 890 905 922 941 962 985 1010 1037 1066 1097 1130 1165 1202 1241 1282 1325 1370 1417 1466 1517 1570 1625 1682 1741 1802 1865 1930 1997 2066 2137 2210 2285 2362 2441 2522 2605 2690 2777 2866 2957 3050 3145 3242 
3284 3185 3088 2993 2900 2809 2720 2633 2548 2465 2384 2305 2228 2153 2080 2009 1940 1873 1808 1745 1684 1625 1568 1513 1460 1409 1360 1313 1268 1225 1184 1145 1108 1073 1040 1009 980 953 928 905 884 865 848 833 820 809 800 793 788 785 784 785 788 793 800 809 820 833 848 865 884 905 928 953 980 1009 1040 1073 1108 1145 1184 1225 1268 1313 1360 1409 1460 1513 1568 1625 1684 1745 1808 1873 1940 2009 2080 2153 2228 2305 2384 2465 2548 2633 2720 2809 2900 2993 3088 3185 
3229 3130 3033 2938 2845 2754 2665 2578 2493 2410 2329 2250 2173 2098 2025 1954 1885 1818 1753 1690 1629 1570 1513 1458 1405 1354 1305 1258 1213 1170 1129 1090 1053 1018 985 954 925 898 873 850 829 810 793 778 765 754 745 738 733 730 729 730 733 738 745 754 765 778 793 810 829 850 873 898 925 954 985 1018 1053 1090 1129 1170 1213 1258 1305 1354 1405 1458 1513 1570 1629 1690 1753 1818 1885 1954 2025 2098 2173 2250 2329 2410 2493 2578 2665 2754 2845 2938 3033 3130 
3176 3077 2980 2885 2792 2701 2612 2525 2440 2357 2276 2197 2120 2045 1972 1901 1832 1765 1700 1637 1576 1517 1460 1405 1352 1301 1252 1205 1160 1117 1076 1037 1000 965 932 901 872 845 820 797 776 757 740 725 712 701 692 685 680 677 676 677 680 685 692 701 712 725 740 757 776 797 820 845 872 901 932 965 1000 1037 1076 1117 1160 1205 1252 1301 1352 1405 1460 1517 1576 1637 1700 1765 1832 1901 1972 2045 2120 2197 2276 2357 2440 2525 2612 2701 2792 2885 2980 3077 
3125 3026 2929 2834 2741 2650 2561 2474 2389 2306 2225 2146 2069 1994 1921 1850 1781 1714 1649 1586 1525 1466 1409 1354 1301 1250 1201 1154 1109 1066 1025 986 949 914 881 850 821 794 769 746 725 706 689 674 661 650 641 634 629 626 625 626 629 634 641 650 661 674 689 706 725 746 769 794 821 850 881 914 949 986 1025 1066 1109 1154 1201 1250 1301 1354 1409 1466 1525 1586 1649 1714 1781 1850 1921 1994 2069 2146 2225 2306 2389 2474 2561 2650 2741 2834 2929 3026 
3076 2977 2880 2785 2692 2601 2512 2425 2340 2257 2176 2097 2020 1945 1872 1801 1732 1665 1600 1537 1476 1417 1360 1305 1252 1201 1152 1105 1060 1017 976 937 900 865 832 801 772 745 720 697 676 657 640 625 612 601 592 585 580 577 576 577 580 585 592 601 612 625 640 657 676 697 720 745 772 801 832 865 900 937 976 1017 1060 1105 1152 1201 1252 1305 1360 1417 1476 1537 1600 1665 1732 1801 1872 1945 2020 2097 2176 2257 2340 2425 2512 2601 2692 2785 2880 2977 
3029 2930 2833 2738 2645 2554 2465 2378 2293 2210 2129 2050 1973 1898 1825 1754 1685 1618 1553 1490 1429 1370 1313 1258 1205 1154 1105 1058 1013 970 929 890 853 818 785 754 725 698 673 650 629 610 593 578 565 554 545 538 533 530 529 530 533 538 545 554 565 578 593 610 629 650 673 698 725 754 785 818 853 890 929 970 1013 1058 1105 1154 1205 1258 1313 1370 1429 1490 1553 1618 1685 1754 1825 1898 1973 2050 2129 2210 2293 2378 2465 2554 2645 2738 2833 2930 
2984 2885 2788 2693 2600 2509 2420 2333 2248 2165 2084 2005 1928 1853 1780 1709 1640 1573 1508 1445 1384 1325 1268 1213 1160 1109 1060 1013 968 925 884 845 808 773 740 709 680 653 628 605 584 565 548 533 520 509 500 493 488 485 484 485 488 493 500 509 520 533 548 565 584 605 628 653 680 709 740 773 808 845 884 925 968 1013 1060 1109 1160 1213 1268 1325 1384 1445 1508 1573 1640 1709 1780 1853 1928 2005 2084 2165 2248 2333 2420 2509 2600 2693 2788 2885 
2941 2842 2745 2650 2557 2466 2377 2290 2205 2122 2041 1962 1885 1810 1737 1666 1597 1530 1465 1402 1341 1282 1225 1170 1117 1066 1017 970 925 882 841 802 765 730 697 666 637 610 585 562 541 522 505 490 477 466 457 450 445 442 441 442 445 450 457 466 477 490 505 522 541 562 585 610 637 666 697 730 765 802 841 882 925 970 1017 1066 1117 1170 1225 1282 1341 1402 1465 1530 1597 1666 1737 1810 1885 1962 2041 2122 2205 2290 2377 2466 2557 2650 2745 2842 
2900 2801 2704 2609 2516 2425 2336 2249 2164 2081 2000 1921 1844 1769 1696 1625 1556 1489 1424 1361 1300 1241 1184 1129 1076 1025 976 929 884 841 800 761 724 689 656 625 596 569 544 521 500 481 464 449 436 425 416 409 404 401 400 401 404 409 416 425 436 449 464 481 500 521 544 569 596 625 656 689 724 761 800 841 884 929 976 1025 1076 1129 1184 1241 1300 1361 1424 1489 1556 1625 1696 1769 1844 1921 2000 2081 2164 2249 2336 2425 2516 2609 2704 2801 
2861 2762 2665 2570 2477 2386 2297 2210 2125 2042 1961 1882 1805 1730 1657 1586 1517 1450 1385 1322 1261 1202 1145 1090 1037 986 937 890 845 802 761 722 685 650 617 586 557 530 505 482 461 442 425 410 397 386 377 370 365 362 361 362 365 370 377 386 397 410 425 442 461 482 505 530 557 586 617 650 685 722 761 802 845 890 937 986 1037 1090 1145 1202 1261 1322 1385 1450 1517 1586 1657 1730 1805 1882 1961 2042 2125 2210 2297 2386 2477 2570 2665 2762 
2824 2725 2628 2533 2440 2349 2260 2173 2088 2005 1924 1845 1768 1693 1620 1549 1480 1413 1348 1285 1224 1165 1108 1053 1000 949 900 853 808 765 724 685 648 613 580 549 520 493 468 445 424 405 388 373 360 349 340 333 328 325 324 325 328 333 340 349 360 373 388 405 424 445 468 493 520 549 580 613 648 685 724 765 808 853 900 949 1000 1053 1108 1165 1224 1285 1348 1413 1480 1549 1620 1693 1768 1845 1924 2005 2088 2173 2260 2349 2440 2533 2628 2725 
2789 2690 2593 2498 2405 2314 2225 2138 2053 1970 1889 1810 1733 1658 1585 1514 1445 1378 1313 1250 1189 1130 1073 1018 965 914 865 818 773 730 689 650 613 578 545 514 485 458 433 410 389 370 353 338 325 314 305 298 293 290 289 290 293 298 305 314 325 338 353 370 389 410 433 458 485 514 545 578 613 650 689 730 773 818 865 914 965 1018 1073 1130 1189 1250 1313 1378 1445 1514 1585 1658 1733 1810 1889 1970 2053 2138 2225 2314 2405 2498 2593 2690 
2756 2657 2560 2465 2372 2281 2192 2105 2020 1937 1856 1777 1700 1625 1552 1481 1412 1345 1280 1217 1156 1097 1040 985 932 881 832 785 740 697 656 617 580 545 512 481 452 425 400 377 356 337 320 305 292 281 272 265 260 257 256 257 260 265 272 281 292 305 320 337 356 377 400 425 452 481 512 545 580 617 656 697 740 785 832 881 932 985 1040 1097 1156 1217 1280 1345 1412 1481 1552 1625 1700 1777 1856 1937 2020 2105 2192 2281 2372 2465 2560 2657 
2725 2626 2529 2434 2341 2250 2161 2074 1989 1906 1825 1746 1669 1594 1521 1450 1381 1314 1249 1186 1125 1066 1009 954 901 850 801 754 709 666 625 586 549 514 481 450 421 394 369 346 325 306 289 274 261 250 241 234 229 226 225 226 229 234 241 250 261 274 289 306 325 346 369 394 421 450 481 514 549 586 625 666 709 754 801 850 901 954 1009 1066 1125 1186 1249 1314 1381 1450 1521 1594 1669 1746 1825 1906 1989 2074 2161 2250 2341 2434 2529 2626 
2696 2597 2500 2405 2312 2221 2132 2045 1960 1877 1796 1717 1640 1565 1492 1421 1352 1285 1220 1157 1096 1037 980 925 872 821 772 725 680 637 596 557 520 485 452 421 392 365 340 317 296 277 260 245 232 221 212 205 200 197 196 197 200 205 212 221 232 245 260 277 296 317 340 365 392 421 452 485 520 557 596 637 680 725 772 821 872 925 980 1037 1096 1157 1220 1285 1352 1421 1492 1565 1640 1717 1796 1877 1960 2045 2132 2221 2312 2405 2500 2597 
2669 2570 2473 2378 2285 2194 2105 2018 1933 1850 1769 1690 1613 1538 1465 1394 1325 1258 1193 1130 1069 1010 953 898 845 794 745 698 653 610 569 530 493 458 425 394 365 338 313 290 269 250 233 218 205 194 185 178 173 170 169 170 173 178 185 194 205 218 233 250 269 290 313 338 365 394 425 458 493 530 569 610 653 698 745 794 845 898 953 1010 1069 1130 1193 1258 1325 1394 1465 1538 1613 1690 1769 1850 1933 2018 2105 2194 2285 2378 2473 2570 
2644 2545 2448 2353 2260 2169 2080 1993 1908 1825 1744 1665 1588 1513 1440 1369 1300 1233 1168 1105 1044 985 928 873 820 769 720 673 628 585 544 505 468 433 400 369 340 313 288 265 244 225 208 193 180 169 160 153 148 145 144 145 148 153 160 169 180 193 208 225 244 265 288 313 340 369 400 433 468 505 544 585 628 673 720 769 820 873 928 985 1044 1105 1168 1233 1300 1369 1440 1513 1588 1665 1744 1825 1908 1993 2080 2169 2260 2353 2448 2545 
2621 2522 2425 2330 2237 2146 2057 1970 1885 1802 1721 1642 1565 1490 1417 1346 1277 1210 1145 1082 1021 962 905 850 797 746 697 650 605 562 521 482 445 410 377 346 317 290 265 242 221 202 185 170 157 146 137 130 125 122 121 122 125 130 137 146 157 170 185 202 221 242 265 290 317 346 377 410 445 482 521 562 605 650 697 746 797 850 905 962 1021 1082 1145 1210 1277 1346 1417 1490 1565 1642 1721 1802 1885 1970 2057 2146 2237 2330 2425 2522 
2600 2501 2404 2309 2216 2125 2036 1949 1864 1781 1700 1621 1544 1469 1396 1325 1256 1189 1124 1061 1000 941 884 829 776 725 676 629 584 541 500 461 424 389 356 325 296 269 244 221 200 181 164 149 136 125 116 109 104 101 100 101 104 109 116 125 136 149 164 181 200 221 244 269 296 325 356 389 424 461 500 541 584 629 676 725 776 829 884 941 1000 1061 1124 1189 1256 1325 1396 1469 1544 1621 1700 1781 1864 1949 2036 2125 2216 2309 2404 2501 
2581 2482 2385 2290 2197 2106 2017 1930 1845 1762 1681 1602 1525 1450 1377 1306 1237 1170 1105 1042 981 922 865 810 757 706 657 610 565 522 481 442 405 370 337 306 277 250 225 202 181 162 145 130 117 106 97 90 85 82 81 82 85 90 97 106 117 130 145 162 181 202 225 250 277 306 337 370 405 442 481 522 565 610 657 706 757 810 865 922 981 1042 1105 1170 1237 1306 1377 1450 1525 1602 1681 1762 1845 1930 2017 2106 2197 2290 2385 2482 
2564 2465 2368 2273 2180 2089 2000 1913 1828 1745 1664 1585 1508 1433 1360 1289 1220 1153 1088 1025 964 905 848 793 740 689 640 593 548 505 464 425 388 353 320 289 260 233 208 185 164 145 128 113 100 89 80 73 68 65 64 65 68 73 80 89 100 113 128 145 164 185 208 233 260 289 320 353 388 425 464 505 548 593 640 689 740 793 848 905 964 1025 1088 1153 1220 1289 1360 1433 1508 1585 1664 1745 1828 1913 2000 2089 2180 2273 2368 2465 
2549 2450 2353 2258 2165 2074 1985 1898 1813 1730 1649 1570 1493 1418 1345 1274 1205 1138 1073 1010 949 890 833 778 725 674 625 578 533 490 449 410 373 338 305 274 245 218 193 170 149 130 113 98 85 74 65 58 53 50 49 50 53 58 65 74 85 98 113 130 149 170 193 218 245 274 305 338 373 410 449 490 533 578 625 674 725 778 833 890 949 1010 1073 1138 1205 1274 1345 1418 1493 1570 1649 1730 1813 1898 1985 2074 2165 2258 2353 2450 
2536 2437 2340 2245 2152 2061 1972 1885 1800 1717 1636 1557 1480 1405 1332 1261 1192 1125 1060 997 936 877 820 765 712 661 612 565 520 477 436 397 360 325 292 261 232 205 180 157 136 117 100 85 72 61 52 45 40 37 36 37 40 45 52 61 72 85 100 117 136 157 180 205 232 261 292 325 360 397 436 477 520 565 612 661 712 765 820 877 936 997 1060 1125 1192 1261 1332 1405 1480 1557 1636 1717 1800 1885 1972 2061 2152 2245 2340 2437 
2525 2426 2329 2234 2141 2050 1961 1874 1789 1706 1625 1546 1469 1394 1321 1250 1181 1114 1049 986 925 866 809 754 701 650 601 554 509 466 425 386 349 314 281 250 221 194 169 146 125 106 89 74 61 50 41 34 29 26 25 26 29 34 41 50 61 74 89 106 125 146 169 194 221 250 281 314 349 386 425 466 509 554 601 650 701 754 809 866 925 986 1049 1114 1181 1250 1321 1394 1469 1546 1625 1706 1789 1874 1961 2050 2141 2234 2329 2426 
2516 2417 2320 2225 2132 2041 1952 1865 1780 1697 1616 1537 1460 1385 1312 1241 1172 1105 1040 977 916 857 800 745 692 641 592 545 500 457 416 377 340 305 272 241 212 185 160 137 116 97 80 65 52 41 32 25 20 17 16 17 20 25 32 41 52 65 80 97 116 137 160 185 212 241 272 305 340 377 416 457 500 545 592 641 692 745 800 857 916 977 1040 1105 1172 1241 1312 1385 1460 1537 1616 1697 1780 1865 1952 2041 2132 2225 2320 2417 
2509 2410 2313 2218 2125 2034 1945 1858 1773 1690 1609 1530 1453 1378 1305 1234 1165 1098 1033 970 909 850 793 738 685 634 585 538 493 450 409 370 333 298 265 234 205 178 153 130 109 90 73 58 45 34 25 18 13 10 9 10 13 18 25 34 45 58 73 90 109 130 153 178 205 234 265 298 333 370 409 450 493 538 585 634 685 738 793 850 909 970 1033 1098 1165 1234 1305 1378 1453 1530 1609 1690 1773 1858 1945 2034 2125 2218 2313 2410 
2504 2405 2308 2213 2120 2029 1940 1853 1768 1685 1604 1525 1448 1373 1300 1229 1160 1093 1028 965 904 845 788 733 680 629 580 533 488 445 404 365 328 293 260 229 200 173 148 125 104 85 68 53 40 29 20 13 8 5 4 5 8 13 20 29 40 53 68 85 104 125 148 173 200 229 260 293 328 365 404 445 488 533 580 629 680 733 788 845 904 965 1028 1093 1160 1229 1300 1373 1448 1525 1604 1685 1768 1853 1940 2029 2120 2213 2308 2405 
2501 2402 2305 2210 2117 2026 1937 1850 1765 1682 1601 1522 1445 1370 1297 1226 1157 1090 1025 962 901 842 785 730 677 626 577 530 485 442 401 362 325 290 257 226 197 170 145 122 101 82 65 50 37 26 17 10 5 2 1 2 5 10 17 26 37 50 65 82 101 122 145 170 197 226 257 290 325 362 401 442 485 530 577 626 677 730 785 842 901 962 1025 1090 1157 1226 1297 1370 1445 1522 1601 1682 1765 1850 1937 2026 2117 2210 2305 2402 
2500 2401 2304 2209 2116 2025 1936 1849 1764 1681 1600 1521 1444 1369 1296 1225 1156 1089 1024 961 900 841 784 729 676 625 576 529 484 441 400 361 324 289 256 225 196 169 144 121 100 81 64 49 36 25 16 9 4 1 0 1 4 9 16 25 36 49 64 81 100 121 144 169 196 225 256 289 324 361 400 441 484 529 576 625 676 729 784 841 900 961 1024 1089 1156 1225 1296 1369 1444 1521 1600 1681 1764 1849 1936 2025 2116 2209 2304 2401 
2501 2402 2305 2210 2117 2026 1937 1850 1765 1682 1601 1522 1445 1370 1297 1226 1157 1090 1025 962 901 842 785 730 677 626 577 530 485 442 401 362 325 290 257 226 197 170 145 122 101 82 65 50 37 26 17 10 5 2 1 2 5 10 17 26 37 50 65 82 101 122 145 170 197 226 257 290 325 362 401 442 485 530 577 626 677 730 785 842 901 962 1025 1090 1157 1226 1297 1370 1445 1522 1601 1682 1765 1850 1937 2026 2117 2210 2305 2402 
2504 2405 2308 2213 2120 2029 1940 1853 1768 1685 1604 1525 1448 1373 1300 1229 1160 1093 1028 965 904 845 788 733 680 629 580 533 488 445 404 365 328 293 260 229 200 173 148 125 104 85 68 53 40 29 20 13 8 5 4 5 8 13 20 29 40 53 68 85 104 125 148 173 200 229 260 293 328 365 404 445 488 533 580 629 680 733 788 845 904 965 1028 1093 1160 1229 1300 1373 1448 1525 1604 1685 1768 1853 1940 2029 2120 2213 2308 2405 
2509 2410 2313 2218 2125 2034 1945 1858 1773 1690 1609 1530 1453 1378 1305 1234 1165 1098 1033 970 909 850 793 738 685 634 585 538 493 450 409 370 333 298 265 234 205 178 153 130 109 90 73 58 45 34 25 18 13 10 9 10 13 18 25 34 45 58 73 90 109 130 153 178 205 234 265 298 333 370 409 450 493 538 585 634 685 738 793 850 909 970 1033 1098 1165 1234 1305 1378 1453 1530 1609 1690 1773 1858 1945 2034 2125 2218 2313 2410 
2516 2417 2320 2225 2132 2041 1952 1865 1780 1697 1616 1537 1460 1385 1312 1241 1172 1105 1040 977 916 857 800 745 692 641 592 545 500 457 416 377 340 305 272 241 212 185 160 137 116 97 80 65 52 41 32 25 20 17 16 17 20 25 32 41 52 65 80 97 116 137 160 185 212 241 272 305 340 377 416 457 500 545 592 641 692 745 800 857 916 977 1040 1105 1172 1241 1312 1385 1460 1537 1616 1697 1780 1865 1952 2041 2132 2225 2320 2417 
2525 2426 2329 2234 2141 2050 1961 1874 1789 1706 1625 1546 1469 1394 1321 1250 1181 1114 1049 986 925 866 809 754 701 650 601 554 509 466 425 386 349 314 281 250 221 194 169 146 125 106 89 74 61 50 41 34 29 26 25 26 29 34 41 50 61 74 89 106 125 146 169 194 221 250 281 314 349 386 425 466 509 554 601 650 701 754 809 866 925 986 1049 1114 1181 1250 1321 1394 1469 1546 1625 1706 1789 1874 1961 2050 2141 2234 2329 2426 
2536 2437 2340 2245 2152 2061 1972 1885 1800 1717 1636 1557 1480 1405 1332 1261 1192 1125 1060 997 936 877 820 765 712 661 612 565 520 477 436 397 360 325 292 261 232 205 180 157 136 117 100 85 72 61 52 45 40 37 36 37 40 45 52 61 72 85 100 117 136 157 180 205 232 261 292 325 360 397 436 477 520 565 612 661 712 765 820 877 936 997 1060 1125 1192 1261 1332 1405 1480 1557 1636 1717 1800 1885 1972 2061 2152 2245 2340 2437 
2549 2450 2353 2258 2165 2074 1985 1898 1813 1730 1649 1570 1493 1418 1345 1274 1205 1138 1073 1010 949 890 833 778 725 674 625 578 533 490 449 410 373 338 305 274 245 218 193 170 149 130 113 98 85 74 65 58 53 50 49 50 53 58 65 74 85 98 113 130 149 170 193 218 245 274 305 338 373 410 449 490 533 578 625 674 725 778 833 890 949 1010 1073 1138 1205 1274 1345 1418 1493 1570 1649 1730 1813 1898 1985 2074 2165 2258 2353 2450 
2564 2465 2368 2273 2180 2089 2000 1913 1828 1745 1664 1585 1508 1433 1360 1289 1220 1153 1088 1025 964 905 848 793 740 689 640 593 548 505 464 425 388 353 320 289 260 233 208 185 164 145 128 113 100 89 80 73 68 65 64 65 68 73 80 89 100 113 128 145 164 185 208 233 260 289 320 353 388 425 464 505 548 593 640 689 740 793 848 905 964 1025 1088 1153 1220 1289 1360 1433 1508 1585 1664 1745 1828 1913 2000 2089 2180 2273 2368 2465 
2581 2482 2385 2290 2197 2106 2017 1930 1845 1762 1681 1602 1525 1450 1377 1306 1237 1170 1105 1042 981 922 865 810 757 706 657 610 565 522 481 442 405 370 337 306 277 250 225 202 181 162 145 130 117 106 97 90 85 82 81 82 85 90 97 106 117 130 145 162 181 202 225 250 277 306 337 370 405 442 481 522 565 610 657 706 757 810 865 922 981 1042 1105 1170 1237 1306 1377 1450 1525 1602 1681 1762 1845 1930 2017 2106 2197 2290 2385 2482 
2600 2501 2404 2309 2216 2125 2036 1949 1864 1781 1700 1621 1544 1469 1396 1325 1256 1189 1124 1061 1000 941 884 829 776 725 676 629 584 541 500 461 424 389 356 325 296 269 244 221 200 181 164 149 136 125 116 109 104 101 100 101 104 109 116 125 136 149 164 181 200 221 244 269 296 325 356 389 424 461 500 541 584 629 676 725 776 829 884 941 1000 1061 1124 1189 1256 1325 1396 1469 1544 1621 1700 1781 1864 1949 2036 2125 2216 2309 2404 2501 
2621 2522 2425 2330 2237 2146 2057 1970 1885 1802 1721 1642 1565 1490 1417 1346 1277 1210 1145 1082 1021 962 905 850 797 746 697 650 605 562 521 482 445 410 377 346 317 290 265 242 221 202 185 170 157 146 137 130 125 122 121 122 125 130 137 146 157 170 185 202 221 242 265 290 317 346 377 410 445 482 521 562 605 650 697 746 797 850 905 962 1021 1082 1145 1210 1277 1346 1417 1490 1565 1642 1721 1802 1885 1970 2057 2146 2237 2330 2425 2522 
2644 2545 2448 2353 2260 2169 2080 1993 1908 1825 1744 1665 1588 1513 1440 1369 1300 1233 1168 1105 1044 985 928 873 820 769 720 673 628 585 544 505 468 433 400 369 340 313 288 265 244 225 208 193 180 169 160 153 148 145 144 145 148 153 160 169 180 193 208 225 244 265 288 313 340 369 400 433 468 505 544 585 628 673 720 769 820 873 928 985 1044 1105 1168 1233 1300 1369 1440 1513 1588 1665 1744 1825 1908 1993 2080 2169 2260 2353 2448 2545 
2669 2570 2473 2378 2285 2194 2105 2018 1933 1850 1769 1690 1613 1538 1465 1394 1325 1258 1193 1130 1069 1010 953 898 845 794 745 698 653 610 569 530 493 458 425 394 365 338 313 290 269 250 233 218 205 194 185 178 173 170 169 170 173 178 185 194 205 218 233 250 269 290 313 338 365 394 425 458 493 530 569 610 653 698 745 794 845 898 953 1010 1069 1130 1193 1258 1325 1394 1465 1538 1613 1690 1769 1850 1933 2018 2105 2194 2285 2378 2473 2570 
2696 2597 2500 2405 2312 2221 2132 2045 1960 1877 1796 1717 1640 1565 1492 1421 1352 1285 1220 1157 1096 1037 980 925 872 821 772 725 680 637 596 557 520 485 452 421 392 365 340 317 296 277 260 245 232 221 212 205 200 197 196 197 200 205 212 221 232 245 260 277 296 317 340 365 392 421 452 485 520 557 596 637 680 725 772 821 872 925 980 1037 1096 1157 1220 1285 1352 1421 1492 1565 1640 1717 1796 1877 1960 2045 2132 2221 2312 2405 2500 2597 
2725 2626 2529 2434 2341 2250 2161 2074 1989 1906 1825 1746 1669 1594 1521 1450 1381 1314 1249 1186 1125 1066 1009 954 901 850 801 754 709 666 625 586 549 514 481 450 421 394 369 346 325 306 289 274 261 250 241 234 229 226 225 226 229 234 241 250 261 274 289 306 325 346 369 394 421 450 481 514 549 586 625 666 709 754 801 850 901 954 1009 1066 1125 1186 1249 1314 1381 1450 1521 1594 1669 1746 1825 1906 1989 2074 2161 2250 2341 2434 2529 2626 
2756 2657 2560 2465 2372 2281 2192 2105 2020 1937 1856 1777 1700 1625 1552 1481 1412 1345 1280 1217 1156 1097 1040 985 932 881 832 785 740 697 656 617 580 545 512 481 452 425 400 377 356 337 320 305 292 281 272 265 260 257 256 257 260 265 272 281 292 305 320 337 356 377 400 425 452 481 512 545 580 617 656 697 740 785 832 881 932 985 1040 1097 1156 1217 1280 1345 1412 1481 1552 1625 1700 1777 1856 1937 2020 2105 2192 2281 2372 2465 2560 2657 
2789 2690 2593 2498 2405 2314 2225 2138 2053 1970 1889 1810 1733 1658 1585 1514 1445 1378 1313 1250 1189 1130 1073 1018 965 914 865 818 773 730 689 650 613 578 545 514 485 458 433 410 389 370 353 338 325 314 305 298 293 290 289 290 293 298 305 314 325 338 353 370 389 410 433 458 485 514 545 578 613 650 689 730 773 818 865 914 965 1018 1073 1130 1189 1250 1313 1378 1445 1514 1585 1658 1733 1810 1889 1970 2053 2138 2225 2314 2405 2498 2593 2690 
2824 2725 2628 2533 2440 2349 2260 2173 2088 2005 1924 1845 1768 1693 1620 1549 1480 1413 1348 1285 1224 1165 1108 1053 1000 949 900 853 808 765 724 685 648 613 580 549 520 493 468 445 424 405 388 373 360 349 340 333 328 325 324 325 328 333 340 349 360 373 388 405 424 445 468 493 520 549 580 613 648 685 724 765 808 853 900 949 1000 1053 1108 1165 1224 1285 1348 1413 1480 1549 1620 1693 1768 1845 1924 2005 2088 2173 2260 2349 2440 2533 2628 2725 
2861 2762 2665 2570 2477 2386 2297 2210 2125 2042 1961 1882 1805 1730 1657 1586 1517 1450 1385 1322 1261 1202 1145 1090 1037 986 937 890 845 802 761 722 685 650 617 586 557 530 505 482 461 442 425 410 397 386 377 370 365 362 361 362 365 370 377 386 397 410 425 442 461 482 505 530 557 586 617 650 685 722 761 802 845 890 937 986 1037 1090 1145 1202 1261 1322 1385 1450 1517 1586 1657 1730 1805 1882 1961 2042 2125 2210 2297 2386 2477 2570 2665 2762 
2900 2801 2704 2609 2516 2425 2336 2249 2164 2081 2000 1921 1844 1769 1696 1625 1556 1489 1424 1361 1300 1241 1184 1129 1076 1025 976 929 884 841 800 761 724 689 656 625 596 569 544 521 500 481 464 449 436 425 416 409 404 401 400 401 404 409 416 425 436 449 464 481 500 521 544 569 596 625 656 689 724 761 800 841 884 929 976 1025 1076 1129 1184 1241 1300 1361 1424 1489 1556 1625 1696 1769 1844 1921 2000 2081 2164 2249 2336 2425 2516 2609 2704 2801 
2941 2842 2745 2650 2557 2466 2377 2290 2205 2122 2041 1962 1885 1810 1737 1666 1597 1530 1465 1402 1341 1282 1225 1170 1117 1066 1017 970 925 882 841 802 765 730 697 666 637 610 585 562 541 522 505 490 477 466 457 450 445 442 441 442 445 450 457 466 477 490 505 522 541 562 585 610 637 666 697 730 765 802 841 882 925 970 1017 1066 1117 1170 1225 1282 1341 1402 1465 1530 1597 1666 1737 1810 1885 1962 2041 2122 2205 2290 2377 2466 2557 2650 2745 2842 
2984 2885 2788 2693 2600 2509 2420 2333 2248 2165 2084 2005 1928 1853 1780 1709 1640 1573 1508 1445 1384 1325 1268 1213 1160 1109 1060 1013 968 925 884 845 808 773 740 709 680 653 628 605 584 565 548 533 520 509 500 493 488 485 484 485 488 493 500 509 520 533 548 565 584 605 628 653 680 709 740 773 808 845 884 925 968 1013 1060 1109 1160 1213 1268 1325 1384 1445 1508 1573 1640 1709 1780 1853 1928 2005 2084 2165 2248 2333 2420 2509 2600 2693 2788 2885 
3029 2930 2833 2738 2645 2554 2465 2378 2293 2210 2129 2050 1973 1898 1825 1754 1685 1618 1553 1490 1429 1370 1313 1258 1205 1154 1105 1058 1013 970 929 890 853 818 785 754 725 698 673 650 629 610 593 578 565 554 545 538 533 530 529 530 533 538 545 554 565 578 593 610 629 650 673 698 725 754 785 818 853 890 929 970 1013 1058 1105 1154 1205 1258 1313 1370 1429 1490 1553 1618 1685 1754 1825 1898 1973 2050 2129 2210 2293 2378 2465 2554 2645 2738 2833 2930 
3076 2977 2880 2785 2692 2601 2512 2425 2340 2257 2176 2097 2020 1945 1872 1801 1732 1665 1600 1537 1476 1417 1360 1305 1252 1201 1152 1105 1060 1017 976 937 900 865 832 801 772 745 720 697 676 657 640 625 612 601 592 585 580 577 576 577 580 585 592 601 612 625 640 657 676 697 720 745 772 801 832 865 900 937 976 1017 1060 1105 1152 1201 1252 1305 1360 1417 1476 1537 1600 1665 1732 1801 1872 1945 2020 2097 2176 2257 2340 2425 2512 2601 2692 2785 2880 2977 
3125 3026 2929 2834 2741 2650 2561 2474 2389 2306 2225 2146 2069 1994 1921 1850 1781 1714 1649 1586 1525 1466 1409 1354 1301 1250 1201 1154 1109 1066 1025 986 949 914 881 850 821 794 769 746 725 706 689 674 661 650 641 634 629 626 625 626 629 634 641 650 661 674 689 706 725 746 769 794 821 850 881 914 949 986 1025 1066 1109 1154 1201 1250 1301 1354 1409 1466 1525 1586 1649 1714 1781 1850 1921 1994 2069 2146 2225 2306 2389 2474 2561 2650 2741 2834 2929 3026 
3176 3077 2980 2885 2792 2701 2612 2525 2440 2357 2276 2197 2120 2045 1972 1901 1832 1765 1700 1637 1576 1517 1460 1405 1352 1301 1252 1205 1160 1117 1076 1037 1000 965 932 901 872 845 820 797 776 757 740 725 712 701 692 685 680 677 676 677 680 685 692 701 712 725 740 757 776 797 820 845 872 901 932 965 1000 1037 1076 1117 1160 1205 1252 1301 1352 1405 1460 1517 1576 1637 1700 1765 1832 1901 1972 2045 2120 2197 2276 2357 2440 2525 2612 2701 2792 2885 2980 3077 
3229 3130 3033 2938 2845 2754 2665 2578 2493 2410 2329 2250 2173 2098 2025 1954 1885 1818 1753 1690 1629 1570 1513 1458 1405 1354 1305 1258 1213 1170 1129 1090 1053 1018 985 954 925 898 873 850 829 810 793 778 765 754 745 738 733 730 729 730 733 738 745 754 765 778 793 810 829 850 873 898 925 954 985 1018 1053 1090 1129 1170 1213 1258 1305 1354 1405 1458 1513 1570 1629 1690 1753 1818 1885 1954 2025 2098 2173 2250 2329 2410 2493 2578 2665 2754 2845 2938 3033 3130 
3284 3185 3088 2993 2900 2809 2720 2633 2548 2465 2384 2305 2228 2153 2080 2009 1940 1873 1808 1745 1684 1625 1568 1513 1460 1409 1360 1313 1268 1225 1184 1145 1108 1073 1040 1009 980 953 928 905 884 865 848 833 820 809 800 793 788 785 784 785 788 793 800 809 820 833 848 865 884 905 928 953 980 1009 1040 1073 1108 1145 1184 1225 1268 1313 1360 1409 1460 1513 1568 1625 1684 1745 1808 1873 1940 2009 2080 2153 2228 2305 2384 2465 2548 2633 2720 2809 2900 2993 3088 3185 
3341 3242 3145 3050 2957 2866 2777 2690 2605 2522 2441 2362 2285 2210 2137 2066 1997 1930 1865 1802 1741 1682 1625 1570 1517 1466 1417 1370 1325 1282 1241 1202 1165 1130 1097 1066 1037 1010 985 962 941 922 905 890 877 866 857 850 845 842 841 842 845 850 857 866 877 890 905 922 941 962 985 1010 1037 1066 1097 1130 1165 1202 1241 1282 1325 1370 1417 1466 1517 1570 1625 1682 1741 1802 1865 1930 1997 2066 2137 2210 2285 2362 2441 2522 2605 2690 2777 2866 2957 3050 3145 3242 
3400 3301 3204 3109 3016 2925 2836 2749 2664 2581 2500 2421 2344 2269 2196 2125 2056 1989 1924 1861 1800 1741 1684 1629 1576 1525 1476 1429 1384 1341 1300 1261 1224 1189 1156 1125 1096 1069 1044 1021 1000 981 964 949 936 925 916 909 904 901 900 901 904 909 916 925 936 949 964 981 1000 1021 1044 1069 1096 1125 1156 1189 1224 1261 1300 1341 1384 1429 1476 1525 1576 1629 1684 1741 1800 1861 1924 1989 2056 2125 2196 2269 2344 2421 2500 2581 2664 2749 2836 2925 3016 3109 3204 3301 
3461 3362 3265 3170 3077 2986 2897 2810 2725 2642 2561 2482 2405 2330 2257 2186 2117 2050 1985 1922 1861 1802 1745 1690 1637 1586 1537 1490 1445 1402 1361 1322 1285 1250 1217 1186 1157 1130 1105 1082 1061 1042 1025 1010 997 986 977 970 965 962 961 962 965 970 977 986 997 1010 1025 1042 1061 1082 1105 1130 1157 1186 1217 1250 1285 1322 1361 1402 1445 1490 1537 1586 1637 1690 1745 1802 1861 1922 1985 2050 2117 2186 2257 2330 2405 2482 2561 2642 2725 2810 2897 2986 3077 3170 3265 3362 
3524 3425 3328 3233 3140 3049 2960 2873 2788 2705 2624 2545 2468 2393 2320 2249 2180 2113 2048 1985 1924 1865 1808 1753 1700 1649 1600 1553 1508 1465 1424 1385 1348 1313 1280 1249 1220 1193 1168 1145 1124 1105 1088 1073 1060 1049 1040 1033 1028 1025 1024 1025 1028 1033 1040 1049 1060 1073 1088 1105 1124 1145 1168 1193 1220 1249 1280 1313 1348 1385 1424 1465 1508 1553 1600 1649 1700 1753 1808 1865 1924 1985 2048 2113 2180 2249 2320 2393 2468 2545 2624 2705 2788 2873 2960 3049 3140 3233 3328 3425 
3589 3490 3393 3298 3205 3114 3025 2938 2853 2770 2689 2610 2533 2458 2385 2314 2245 2178 2113 2050 1989 1930 1873 1818 1765 1714 1665 1618 1573 1530 1489 1450 1413 1378 1345 1314 1285 1258 1233 1210 1189 1170 1153 1138 1125 1114 1105 1098 1093 1090 1089 1090 1093 1098 1105 1114 1125 1138 1153 1170 1189 1210 1233 1258 1285 1314 1345 1378 1413 1450 1489 1530 1573 1618 1665 1714 1765 1818 1873 1930 1989 2050 2113 2178 2245 2314 2385 2458 2533 2610 2689 2770 2853 2938 3025 3114 3205 3298 3393 3490 
3656 3557 3460 3365 3272 3181 3092 3005 2920 2837 2756 2677 2600 2525 2452 2381 2312 2245 2180 2117 2056 1997 1940 1885 1832 1781 1732 1685 1640 1597 1556 1517 1480 1445 1412 1381 1352 1325 1300 1277 1256 1237 1220 1205 1192 1181 1172 1165 1160 1157 1156 1157 1160 1165 1172 1181 1192 1205 1220 1237 1256 1277 1300 1325 1352 1381 1412 1445 1480 1517 1556 1597 1640 1685 1732 1781 1832 1885 1940 1997 2056 2117 2180 2245 2312 2381 2452 2525 2600 2677 2756 2837 2920 3005 3092 3181 3272 3365 3460 3557 
3725 3626 3529 3434 3341 3250 3161 3074 2989 2906 2825 2746 2669 2594 2521 2450 2381 2314 2249 2186 2125 2066 2009 1954 1901 1850 1801 1754 1709 1666 1625 1586 1549 1514 1481 1450 1421 1394 1369 1346 1325 1306 1289 1274 1261 1250 1241 1234 1229 1226 1225 1226 1229 1234 1241 1250 1261 1274 1289 1306 1325 1346 1369 1394 1421 1450 1481 1514 1549 1586 1625 1666 1709 1754 1801 1850 1901 1954 2009 2066 2125 2186 2249 2314 2381 2450 2521 2594 2669 2746 2825 2906 2989 3074 3161 3250 3341 3434 3529 3626 
